Limited regression
0 0 0 0 0 0 0 0 0 0 0 0 0 0 0 0 0 0 0 0
0 2 0 0 0 0 0 0 0 0 0 0 0 0 0 0 0 0 0 0
2 8 5 5 0 3 0 1 7 48 3 1 0 6 0 1 5 4 6 1
17 2 7 12 3 9 10 3 9 68 38 12 14 10 5 49 13 31 1 9
52 8 37 52 24 15 211 100 28 70 9 22 1 71 37 16 82 33 16 55
17 16 11 219 76 57 47 308 109 102 6 106 0 1 30 35 0 3 42 119
299 58 65 1621 302 111 226 173 88 707 198 303 205 49 902 491 410 47 370 20
324 393 253 150 257 301 355 459 163 376 404 330 282 511 140 1512 599 531 367 115
63 307 246 1542 1435 642 105 298 3897 842 909 508 508 528 2546 502 999 2052 90 1453
5269 1400 306 4201 5107 459 3793 3749 121 1280 3390 1370 103 168 1562 1879 1278 5171 195 1359
Unlimited regression
0 0 0 0 0 0 0 0 0 0 0 0 0 0 0 0 0 0 0 0
0 0 0 0 0 0 0 0 0 0 0 0 0 0 0 0 0 0 0 0
0 0 0 0 2 0 0 0 0 4 0 3 5 0 1 1 0 0 1 1
0 2 4 3 1 5 0 0 0 0 1 1 3 2 2 0 0 0 4 7
3 1 0 2 7 3 2 1 2 5 9 1 0 3 6 6 0 3 1 7
1 3 2 2 0 2 3 14 11 0 4 3 5 1 6 6 0 8 0 4
7 7 5 4 5 11 5 7 0 13 7 0 2 4 3 6 7 8 5 4
5 5 16 8 5 12 16 7 3 0 5 13 10 7 5 11 8 7 5 6
14 2 7 13 20 9 0 11 12 12 5 10 33 6 13 5 10 13 20 5
11 43 0 32 0 5 15 6 9 50 10 12 9 5 2 2 7 0 7 16
Limited classification
0 0 0 0 0 0 0 0 0 0 0 0 0 0 0 0 0 0 0 0
0 0 0 0 0 0 0 0 0 0 0 0 0 0 0 0 0 0 0 0
246 66 9 31 108 54 4 28 47 22 11 0 60 3 66 97 107 54 103 11
348 605 862 968 1533 1715 1903 1939 2544 3657 4596 4969 6063 7349 8520 9459 10000 10000 10000 10000
10000 10000 10000 10000 10000 10000 10000 10000 10000 10000 10000 10000 10000 10000 10000 10000 10000 10000 10000 10000 10000
10000 10000 10000 10000 10000 10000 10000 10000 10000 10000 10000 10000 10000 10000 10000 10000 10000 10000 10000 10000 10000
10000 10000 10000 10000 10000 10000 10000 10000 10000 10000 10000 10000 10000 10000 10000 10000 10000 10000 10000 10000 10000
10000 10000 10000 10000 10000 10000 10000 10000 10000 10000 10000 10000 10000 10000 10000 10000 10000 10000 10000 10000 10000
10000 10000 10000 10000 10000 10000 10000 10000 10000 10000 10000 10000 10000 10000 10000 10000 10000 10000 10000 10000 10000
10000 10000 10000 10000 10000 10000 10000 10000 10000 10000 10000 10000 10000 10000 10000 10000 10000 10000 10000 10000 10000
Unlimited classification
0 0 0 0 0 0 0 0 0 0 0 0 0 0 0 0 0 0 0 0
0 0 0 0 0 0 0 0 0 0 0 0 0 0 0 0 0 0 0 0
0 0 12 12 0 0 0 7 10 0 3 2 0 16 51 1 0 0 0 0
54 170 26 310 281 19 191 15 0 162 0 56 25 0 50 62 257 5 574 169
5578 90 156 2843 2423 22 2298 4253 1159 111 5559 1483 527 1966 2940 3681 827 176 2049 2240
112 10000 10000 10000 3237 10000 10000 10000 10000 10000 1256 10000 10000 10000 10000 10000 10000 10000 10000 10000
10000 10000 10000 10000 10000 10000 10000 10000 10000 10000 10000 10000 10000 10000 10000 10000 10000 10000 10000 10000 10000
10000 10000 10000 10000 10000 10000 10000 10000 10000 10000 10000 10000 10000 10000 10000 10000 10000 10000 10000 10000 10000
10000 10000 10000 10000 10000 10000 10000 10000 10000 10000 10000 10000 10000 10000 10000 10000 10000 10000 10000 10000 10000
10000 10000 10000 10000 10000 10000 10000 10000 10000 10000 10000 10000 10000 10000 10000 10000 10000 10000 10000 10000 10000
